
[LEFT]
[   3,   4,   4,   3, 290, 771, 242,2289,1296, 458, 865,1589,1064,1065,
  988, 243,1317,  27,  16, 547,  19, 270,  24,  23,  32, 136,1396,  28,
   27,  16,  17,1494,  82,  21,1733, 556,1474, 751,1085, 481,2279, 137,
   28,1830, 102,1362,1345,  48,  47, 506,2394,1199,  33,  22,  54,  20,
 2145, 866,  60,1069, 535,1084, 108,2228,  99, 470,2367,1167,  77, 711,
 1227, 260, 506, 106,  65,2138,2002,1357,1358, 523, 903,1055,1362,  92,
 2227,1310,1084, 883,2267,2350,  95, 589, 286,2260, 528, 102,  88,  88,
 1664,1560, 923,2419,1255, 102,  16,2324,  61, 224, 534, 112,1971,  60,
  545, 115,1396, 134, 839, 123, 128, 127,  17,1156,1317,1085,  34, 135,
  547,  28, 137,  22, 130, 133, 134,1466, 722, 723,1657,2101,1461, 423,
  145, 144, 728,2102,1309, 246, 573, 152, 151, 414, 311, 297, 872, 163,
 1097, 138, 229,1274,1138, 159,   5, 582, 867,2545, 132, 197,2262, 163,
 1563, 271,2366, 231, 177, 472, 827,1935, 178, 177,1936,1530, 209, 351,
  186, 918, 637,1391, 871,2507, 191, 631, 702, 223,1122, 579,1391, 994,
 1123,1309, 671, 997,1058, 213, 209, 208, 667,2154, 357,1025,  34, 637,
   44, 280,2071, 316, 217,1018, 918,2410,1343, 225, 757, 626, 336, 229,
  228,1427, 654, 653, 153,1072,1248,2498, 210, 347,2073,2249, 240, 241,
  202, 357,2148, 503,2026,1078,1077,1451, 255, 256,2257, 275,2428, 974,
  102, 216,2524,  14,1374,1095, 533,2220, 467,  18, 414,  70, 272,1979,
  201, 254, 986, 284, 447,1082,1171, 306, 286, 287, 278,1138,1551, 690,
 1365,1365,1359, 234,1803, 718,1042, 723, 722,1095, 301, 300, 114,1036,
 1601,1562,  41, 111, 312, 311,1091, 313,1976, 315,1056, 239, 321, 322,
  231, 724,1082, 839,  36,1929, 190, 349,1884, 224,1277,1111, 372,2503,
 1662,1001, 210, 338,1117,2424,2071,2373, 550,1203, 750,   2, 196, 344,
 1598, 347,2052, 458,1472,1193,2419, 923, 774,2354,1138,1708,2487,1921,
  723, 379,2266,1192,1448,1416, 774, 755,2362, 229, 371, 369,1432,2141,
 1582,2290, 380,2088,1411,1186,1149,1150, 837,1276, 266, 855,1743, 234,
 2081,2198, 944,1084, 392,1083,1491, 130,1157,1909,1466,2095,1107, 221,
 2475, 490, 404, 408, 407, 928,1648,1563, 284,2108, 950, 949,1074, 395,
 1580,1504,1266,2207, 421,1975, 417, 425, 424,2059, 840, 841,2339,1191,
  430, 431, 427, 266, 237,2519,1109,2229, 708,  63, 774, 775, 375, 434,
 2498, 445, 446, 447,   4,   3,1275, 242, 460, 308, 458, 457, 865, 583,
 1981, 282,1065, 988, 243,  26,  27,  16,1064,1396, 766, 175, 481,  70,
   19, 543,  30,1646,  21,1474,  28, 484, 485, 102, 751,1580, 881, 561,
   44,1362,2540, 917,1790,1858,1199,2145,  60, 506,1084, 108,2228, 224,
  253, 470,2367,  77,1227,  17,  32, 614,2326,  19, 102,1362, 903,  92,
 2227,1084,1211,2428,2268, 286,2260, 177, 178,1616,  88,  88,1529, 119,
  918,1560,1664, 923,1255, 102,1357,2324,2419,  61, 224, 115, 126, 131,
  112,  19,2401,1156,1784, 134, 839, 554,  17,1085,  34, 547, 880, 882,
  130, 133, 134,1466,1950,1093,1486, 568,1416, 774, 423,1613, 823, 154,
 1309,1330, 152,1466, 575, 576, 414, 297,1085, 958, 589, 749, 460,1274,
  366, 159, 591, 867, 582,1342, 588, 333,2262, 208, 209, 197,1279, 163,
 1309,2288,1385, 271, 294,1309, 335,1986,1790, 178, 177,1936,1530, 351,
  980, 614,1224, 186, 918,1434, 871, 327, 637, 631, 579, 702, 223,1122,
  448, 988, 155, 947, 997,1058, 245, 213, 209, 208, 988, 357,1025, 212,
  114, 216,2071, 217, 270,1343, 225,1787, 472, 626, 647, 229, 228,1427,
  654, 653, 153, 658,1018, 186, 918,1248,2498, 210, 202, 240, 241,1296,
  840,1187, 233, 755,1325, 503, 457,2145,2145,1451,1036,1419, 275,2257,
 2428, 296,1027,1095, 252,2220, 467, 271,  18,1089, 724,  70,2227, 201,
  448, 986, 284,1082, 306,2177,1778,1353,1778, 711,1813, 278, 163,1551,
  690,1365,1359,1365, 299,1803, 718,1042, 723, 722,1095, 715, 301, 300,
  323, 143,1562,1396, 112,1091, 312, 311,1976, 315, 313, 239, 321, 322,
 1095, 724,1082,  71, 786,1929, 190,  36,1082, 349, 749, 224,1884,1277,
 1111, 372,2503,1662, 975,1543, 338,1117,2424, 492,1203, 196,   3,2025,
  347,1472, 567, 923, 774,2354,1138,1708,2487, 379, 269,1448, 684,1416,
  774,1397,2362, 229,  63,1646, 172, 816,1676,2290, 350,1150, 550,1186,
 1149,1150, 948, 837,1276,2082, 944,1084,1415, 567,1735, 395,1157,1084,
  743, 742,1932,1107,2475,1643, 404, 824, 823, 284,2218, 950, 949,1074,
 1525,1266,2088,1661, 421,1975,1400, 425, 207,2280, 840, 841, 209,1705,
  430, 219,1889, 422, 708,1833, 375, 774,2553,2498, 853, 854, 447, 859,
  858, 592, 242,2289,1296, 492, 276,  81,1064, 669,  27,  16, 871,1396,
  876, 922, 604,1709, 881, 484, 878, 908,1722,1084,1725,2228,1223,2367,
   15, 470,1336, 870,  32, 614, 896, 897,  28,1252,  26,  92,2227,1738,
 1211,2295,1144,  27,2260, 177, 178,1266,1083, 535, 883,2397, 911,1893,
 1244,1357,1613,1450,1241, 889,2382, 811,1570,1699,2401, 554, 867,  89,
   33,  34, 880, 882, 946,1193, 133,1466,2376,1884,1093,2300,1613, 823,
 2289,1309, 799, 573,1710, 415, 414, 311, 187, 724, 460, 958, 589, 749,
 1853, 366, 159, 867,1098, 582, 197, 208, 209,1279,1278, 196,1309,2115,
 2539,2288,1385, 233, 294,1309,1986,  70, 737,  70, 274, 975, 974, 619,
  980, 186, 918, 985, 157, 327,2398, 422,1767,1412, 631, 986, 155,1373,
  653, 882, 882, 202,1123,1025,1000,1310,1311, 986,1343,2009, 278, 316,
 1787, 472, 626,1018,1017,1016,1427, 653,1222,1890, 210, 202,1793,1623,
  984, 233, 430,1582,2464,1325,2402,2236, 503,1038,2248,1036, 275, 296,
  178,1027,1167, 126,1045, 590, 460, 276, 533, 393, 691, 130,1530,  82,
 1803, 201, 986, 284,1083, 952,2236,2177,1778,1353,1778, 313, 543, 462,
 1790, 366,1551, 737,1365,1359,1365, 234,1803,1042, 723, 722,1385, 715,
  336, 323, 143,1699, 426,2145, 312, 311, 137,1623, 313,1092,1091,1025,
 1385, 724, 321,1612,1391, 997,1082, 349, 749, 224, 839,1138, 104,2359,
 1460,1661,1662, 975,1543, 226,1650,1117, 492,1801,2151, 196,   3, 234,
 2025, 458, 364,2354,1708,2518,1941,1411,1124, 269,1448,1416, 774,1395,
 1397, 161,2362, 433,1676,2290, 520,1735,1149,1150, 199, 837,1724,2082,
 1475,1084,1735, 395,  62,1126,2095,1107, 325, 404, 824, 823,  39,1170,
 2218,1531,1529,1074,2207, 421,1975,1400, 207,2356,1465, 209,1705, 421,
 1890,1709,1833, 708, 774, 775, 354, 104, 242, 426, 135, 828,1125, 944,
   57,1064,1065, 669, 189, 291, 917,1917, 908, 484,2244,1208,1213,1215,
 1722,1895,2383,  70,2233, 162,2446,1224,1223,2290,2200,1336,2174,  32,
  614, 507,1496,2248,1252,2207,2087, 974, 975, 883,1357,1613,1450,   9,
 1244,1241, 889,2382, 811,1570,1699, 663, 554, 483, 946,1193,1192, 133,
  618,1716, 318,2062,1612, 947, 946, 947,1309, 414, 311, 724,1276, 323,
 1571,1853,1110,1273,2035, 208,1396, 963,1979, 196, 221, 711,2115,  70,
  231, 693,1986,1823, 975, 974,  70,1606, 289, 980, 157, 752,2002,2002,
  736,2148, 223,1122,1890, 104,2045, 155,1561, 306,1025,1000,1310,  91,
  986,1343,1587, 867,1203, 676,1318,1317, 653, 715, 309,1222,1000, 233,
    5,2064,1793,1027, 153, 755,1582,2464,1325,1921,2236,1334, 503, 296,
  178,1255,1036, 275, 293,   9, 276, 490,2263, 460,1621,1079, 201, 284,
  346, 705, 704, 705,2282,2145,1211,  79, 291,1790,1551, 292,1365,1155,
  299,1368,1367,1042,1385, 715, 323,2300,1305,1699, 345, 137,1623, 312,
  311, 432, 241, 752,1385,1384,1025, 321, 728,  14,1297,1125, 997,1532,
 1395,1394, 749, 113,1699,1138,1460,1963,1661,1662,1150, 647, 975,1543,
 1650,1117, 378, 661,   3, 234, 492, 769, 364,2354, 458,1234,1941,1840,
 1448,1416,1884,2266,1395,2347, 230, 161,2362, 433,2369,2493,2196,2290,
 1870,1438,2199,1939,2082,1533, 395,1263,2073,2072,2095,1171,1451, 823,
 1170,2218,1531,1529,1074, 242,2095,2280,1925,1181,2183,2315, 774, 429,
  426, 592, 357, 135,1711, 326,1337,1064,1910,1329, 481,1724, 917,1917,
  484, 908,1213,1722,1895,2383,2367,1812,   1,   2,1371, 392,1729,2504,
 2529, 771,2248,1252,2207,2087, 974, 975,1504,2362,1357,2236,1244,1241,
 2383,2382,1156,1884,1716, 946,1193,1893,1563,1093,2062,1038, 415,1266,
 1335,2316,1367, 414,1620,1144,1941, 323,1534,1273, 941, 707,1757,2043,
 1051,2233,  70,1606,1788,1787, 166, 980,1836,   7,2148, 273,1122,1353,
  104,2176, 155,1963, 410, 306,1343,1587,1203, 460,1571,1317, 233, 967,
  178, 974,1030,2398,2064,1793,1027,1265,1582,2464,1325, 217, 218,1567,
 1254,1385, 266,   9, 470, 460, 414, 201, 705, 705, 346,1790,1551,1074,
 1073,1155,1368,1042,2001, 715, 824,1450, 264,  64,2097, 137,1092, 345,
 1530, 311,1623,1622,1385,1384,1025,  37,1313,  14, 619,1390, 997,1762,
 1840,1637, 749,1241, 839,1840,1641,1642,1641,1661,1662,1405,1150,1025,
 1650,1649, 196,1772,  49, 393,2244, 492,1425,2259, 833, 832,1196,1859,
 1135, 230,1397,2362, 846,1762,1426,1533,2095,1433,1434,2095,2091,1748,
 1274,1263,1644,2095, 619,1451, 823,1686,1687,1598,1170,1170,1531,1933,
 1932,1074, 691,2095,2091,1889,1136,1924,1844,2242, 774, 775, 242, 426,
  104, 357, 426, 877,1475, 357,1390,2479,1219,1314,1716,1715,1513,1917,
  163,1720,1905,1216,1273,2367,2194,2383,1812,1729,2248,1252,1336,1734,
 1788,2267,2362,1241,2323,1891,1864,1442,1193, 946,2083, 457,1093,1711,
 2361,2221, 414,1620, 749,1939,1940,1130,1590, 233,1356, 306,1758,2430,
 1098,2050,1788,1002,1957,1466,2402,2401,1950,1353, 155, 920,1391,1264,
  731,1353,2250,1355,1587,1219,1561,  14,1317,1030,1544,1543,1570,1791,
  511,2223,  48,2398,  12,1793,1027,1172,1517, 217,1122,2463,2464, 239,
   68,2499,2031, 470,1621, 201,2337,2170,2543,1685,1790,1064, 730,1074,
  179,1155,1368,2391,2072, 715, 215, 824,1450, 345,  46,1530, 311,1385,
 1025,  40,  41, 126,1064,1551,1313,1637,1390, 997,1082,1459,1412,1241,
  440,1135, 750,1641,1845,1641,2057, 928,1025,1650,1649,2196,1772,  49,
  748, 393, 141,2244,1425, 297, 294,1426,1425,2168, 230,1804, 347,1687,
 2078,2199,1433,1156,2095,2091, 164, 948,1644,2095, 619, 996,2045,1877,
 2088,1932,1074,1073, 187,1434,1889,1885, 567,1924,1925, 774,2297, 357,
  104, 426, 572,2085,1390, 946,1580,1716,1715, 163,1905,1216,2477,2194,
 1359, 647, 859,2446,2248,1252,1729,1506,  34,1932,2362,1435,1433, 383,
 2323,1891,1335, 946,1442,1193,1504,1929,1897, 318,2048, 832,1935,1936,
   90,1939,1940, 711,1199,1980,1976,1589,2050,1544, 982, 983, 151, 737,
 2434, 429,2533,1949,1950, 155,1517, 771,1561,1310,  91, 731,2126, 316,
  492,  14,1968,1570,1561,1965, 144,1784,1791,1906,  48,1362,1314, 293,
  348,2080, 422,1122,1367,1167,2031,2108,1064,1728,1074, 179,1797,2522,
 1613,1334,  75,  67, 215, 708,  46, 345,1301,1302,1385,1543,1025, 126,
   40, 127,2417, 554,1313,1459,1412,  89, 750, 750,2017,2016, 839,2019,
 2018,1275,2362,1772,  49,2024,1425,1359,2408,1859,2423,1397,1804, 230,
 1932,2035,2199,2207,1144,1905,1748,1225,2185, 190,2176,2046,2088,1932,
 1074,1073, 832, 207,1711,1599, 567,1924,1844, 426,1263, 946,1390,1329,
 1265,2589,2586, 748, 911, 917,1074,2069,2477,2200,2446, 915,   4, 339,
 2223,1493,1260,2072,2486,1435, 842,2083,1668, 212,2084, 318, 833, 832,
 1530,1079,1672,1869,2170,1302,  19, 110,1994,2493, 147, 370, 944,2434,
  843, 690,1950,1438,1752,  13,1435,2227,  14,1777, 967, 490,1362,  19,
 1568, 422,1122,1959,1000,1025,1866,2346,1621,2233,2273,1983,  60,2250,
 1055,2236,1334,1082,1273, 791, 942, 437,1543,1025, 127,2417,1189,2309,
 2149,1412, 920,  92,2157,2018,1211,1772,  49,1017,1359, 201, 487, 336,
 1533,2156,1020,2168,1251,2171, 207,1434,1905,1225,2095,1203,1399,2046,
 2088,1932,1074,1073, 207,2468, 942,1924, 104, 839, 353, 198,2085,1329,
 1236, 917,1621,2428,2198,2197,1651,1435,1221,2291,1679,2361,2202,1134,
 2423, 318, 521,1869,1813, 110,1994, 566, 171, 944,1225, 843, 690,1950,
 1365,2385, 268,1750, 190,  29,2148,1122,2336,1025,1025,2108,2233,2176,
 2130,2540,2236,1334,1990,2240,1494,1325,1577,2078,2077,2002, 974,1324,
 1028,1084,1780,2224,1958, 343, 732,1054,1797,1772,  49,1785,2284,1533,
  799,2263,1932,1933,2171,1668,1424,1710,  90,2267, 315, 316,1825,2273,
  292, 207, 348, 832,1924,1141,2071, 839, 353, 198,2085,2430,1507,2428,
 1621,2288,2355,1435,1221,2201,2085,1127,2369,1093, 520,1813, 769, 110,
 1994,  54, 944,1225,1499,1365,1004,1084,1526, 190,1000,1837,2308,  29,
 1025,1025,1973,2233,2176, 110,1628,2391,   0, 110,1363,2325,2326,2240,
 1494,1577,1615,2428,1325,1764,1788,2310,1043,2309, 842,1963,  14,1973,
  294,  95,2360,1878,2263,2171,1144,1769,1221, 315, 316,2351, 292,2468,
 1126,2071, 198, 352, 353,2085,2430,1550, 917,2428,1385,2355,1435,1708,
 2369, 318, 520,2372, 769, 941, 944,1557,1994,1580,1365, 277,1084,1551,
 2383,1725, 101,1973,2389,2508,2388,2236,2387,2236,1612,2240,1494,  69,
 1374,1325,   2,1507,1248,1770,1963,2015, 675, 294, 295,1785,1759, 418,
 2410,1128,1939, 316,2428,2414,1020,2385,1126, 352, 353, 619,2240, 350,
 2428,2194,1217,1385,2068,2067,2430,2426,1093,2372,2466, 662, 944,2391,
 1994,2430,1084, 779, 336, 569,2362,1561,1910,2389,2388,2490,2491,2316,
 2317,1535,1729, 859, 858,  49,1350,1325,2015,1582,1583,1860,1571,1439,
  386,1551,2428,2469,2470,1020,2315, 619, 352, 353,2535,2475, 164,2287,
  711,1246,2168,1813, 944,1994,2230, 779,2079, 347,  46, 409, 149, 972,
 2388,2448,2449,1419, 431,2578,2590,  49,1350,1325, 160, 125,2539,  95,
 2185,2469,2470, 923, 353, 370,2493, 320, 319, 164,2287,2168,1070,2157,
  175,2479, 487, 884,1418, 985, 909, 166, 128,2372,1065,  86,1790, 285,
  125,1630,1089, 295,2185, 923, 353,2499, 262,1662,1502, 816,1070,1538,
 1917,2537, 747, 487,2142,1418, 371,1432, 166,2372,1591,1790, 285,1140,
 2535,2553,1591,1662,1661,2523,1070,2560, 915, 916,2041, 166, 213,1615,
 1140,2553,1662,1661,1487,1715, 309,1480, 631, 701,2165,1507,1211,  65,
  869,2408,1140,1661,1507,1721, 250,1865,1507,2285,  65]
[RIGHT]
[1564,   2,   3,   3,   2, 235,2256, 970,  10, 253, 695, 696, 238, 976,
  998,  81,  18,  30, 261,  20,  55,  33, 129,  23,  22,  28, 453,  17,
  127,2189, 464,1676,  24,1693, 542,1068, 312,1589,1050,1146,  18,  96,
 2246, 859, 476, 264, 475,  48,  47,2365,  68,1932,1207,  55,  54,  25,
   34,1176,2080,  68,  58, 106,1207,2410,1577,2353, 128,  95,1146,2336,
  461, 278,  72,1803,1205,1962,  63,  68,1969,1337,  56, 509,1035, 877,
  511,1212,1050,  20,  96, 900,2234, 988,2282, 889, 161,  90,  19,  79,
 2223,  96, 963, 500, 471, 101,2150,1828,1230, 343,  62, 220,2291,  17,
   96,1375, 112, 529,  58,1945, 851, 517, 123,1157, 131,1068,1127,1294,
  453, 119, 118,  35, 657, 531, 164, 916, 132, 125,  25, 128, 127, 288,
  287,1822, 714, 715, 141, 140, 412,2068,1435,2462, 963, 148, 562,1664,
  559, 402, 289, 970,1041, 940, 938,1246, 224, 153,2448, 164,1217, 926,
 2524, 159,1530,2524,2254,2255, 176, 459,2255, 177, 176,2059,1710,1711,
   38, 603, 203,1009, 182, 932, 187,1180, 314, 188, 626,1726, 411,1101,
  334, 976, 314,2206, 985,1037, 983, 578,2089, 204, 205, 753, 203, 202,
 1004, 970, 629, 201,  41,1784, 631, 303,1552,2380, 330,1334, 445,1366,
  739, 219, 327, 618, 224, 223,1406, 227, 226,1538,1057,1658,1225,2042,
  337, 207, 236, 237,   6, 199, 125, 578, 235,1293,2500, 271,2490,1815,
  676, 490, 267, 246, 247, 478,  96, 963, 921, 211,1328,  16,1576,2504,
 1556, 559,1135, 402,  21, 679, 474,1763,  65,1020, 200,1556, 276,1651,
  211,1067, 449, 450, 688, 159,  92, 275,1341, 721, 229,1338,1341,1320,
 1710,1903,1021, 309, 805, 704, 291, 290, 113,1318,1545, 500,1531, 538,
   44, 104,1075, 299, 298, 301, 153,1076,2139,1036, 232, 226, 289, 306,
  307,1350,1157,1897,  37, 609,1822,1658, 220, 818,2479,1621, 964,1212,
 2396, 326, 325,2043, 818, 568,1675,1083,   1,1354,1564, 337, 407, 737,
  758,2324,2389, 342,1168,1169, 357, 206,2457, 709, 370,1295,1425,1443,
 1108, 758,1089,2089, 224, 361,2483, 360,2336,2374,1628,1969, 535, 369,
 1388, 351,2378,1382, 819,1507,2052,1359,2436,1388, 578,2463, 921,1689,
 1067,1354,1196,1137, 125,2038, 921,2243, 632,2447, 215,1089, 394, 480,
 1478, 396, 395,1609,1530,1701,1683, 844,1241, 929,1000, 386,1544,1238,
 2243, 410, 829, 405, 414, 413,1665, 422,2050,1441, 420, 421,1359,1409,
  433,1092,2405,1953, 274,2192, 758, 759, 132, 363, 198, 435, 436, 437,
  196, 419,   3,   2, 235,1247, 846,  10, 296, 445, 481,1952, 572, 695,
  696, 238, 976,  81,  18, 260,1375, 851, 261, 324, 594,  28, 464,1676,
   24,  17, 127,2189, 312, 532,2368,1884, 859,  35,1050,2126, 858, 924,
  261,  87,  10,1207,  55,  54,1176,  68,  58, 106,1207,2353, 220, 241,
 2336, 461,  72,1205, 875,  33, 604, 453,  92, 877,1050,  20,  96,1354,
  511,1212,2336,1127,2282,  79,2223,1353, 927,1212,  94,1496, 500, 471,
 2150, 889, 108, 182,1230, 900,1828,  62, 220, 343,2291,1048,  96, 112,
  345, 126, 821, 131,1127,1294,1068, 453, 907,1207,  35, 164, 916, 132,
  125, 475, 912,1077,1921, 412,1347, 758, 553,1456,1350, 963,1864, 146,
 1664, 564, 565, 559, 402, 289,1068,1041, 161, 447, 357,1246, 153,2448,
  580, 570,1217, 576, 841, 926,2524, 202, 203, 159,1304, 207,2524,2254,
 2255, 176, 747,2255, 177, 176,1943,  65, 721,2255, 603, 603, 603,1009,
  182,1180,1232,1592, 626, 218, 411,1101,2206,1103, 566, 976, 164,1037,
  983, 976, 203, 202,2089, 347,1004, 184,1320, 303,1552,2043, 330,1366,
  459,1347, 219, 640,2005,1714, 618, 224, 223, 227, 226,1406,1538, 997,
 2462,1057, 183, 182,1436,1225, 207, 236, 237, 182, 183, 983, 562, 198,
  417, 235,2431,2374,1302,1019,1041,1207,2110, 445, 490, 417,1393, 286,
 2449,1304,1328,  21, 679,1762, 381,1710,1711,2282,  65, 200,1556,1020,
  992,1651,1532,1067,1737,1563,1296,1509,1965, 159, 688, 695,1341, 721,
 1338, 711,1341,1320, 706, 308,1903,1021, 709, 708,1079, 704, 291, 290,
  310,  17, 500,1531,1087, 103,1076, 127, 299, 298, 301,1076,2139, 232,
 1079, 289, 306, 307,1350,1120,  69, 738,1282, 845,1271,2089,1593, 357,
 1658, 220, 228, 818,2479,1621,2396, 326, 325, 986, 207,1675,   2, 196,
  337,   5, 758,2324,2389, 355,1666, 357,1667,2457, 370,1425, 262,1108,
  758, 249,1377,2089, 224,2262,2104,2105,2336,1150,2374, 799, 494,1129,
 2243, 926,2243, 351,2378,1382, 819,1507,2052, 921, 345, 344,1354,2049,
 1207,1137, 386, 352, 131, 729,2173,1089,2447,1378, 394, 806, 805,1923,
 1430, 149,1496,1000,1494,1238,2243,1620, 410, 829, 405, 414,2266,2151,
  416, 417,2050, 153, 217, 420,1628,1092,2036, 274, 758, 363, 198, 836,
  837, 437,1283, 419, 840, 839, 163, 235,1247, 915, 970,  10, 481,1037,
 1952, 696,2139, 186,1684,2353,  63, 463, 876,2189, 860,1676, 912, 474,
   41, 892,2495,2494,1189,1593,1207,1687,2353,2354,2336,1197, 461,1317,
  874, 875, 466, 604, 511,1212, 120,1196,1697,2336,1127,1883, 861, 252,
  216, 894,1212,  94, 889,1207,1677,2252, 968, 900,1090, 864,2352, 343,
 1048, 529, 345,1658,1127,  86, 846, 907,1207,  35, 132, 928, 164,1168,
  475, 912,1077,2343,2148,1350, 148, 963,1238, 562, 786, 403, 402, 289,
  310, 161, 940, 447, 568,2448, 569, 570,1217, 195, 948, 947, 202, 203,
  159,2082,1530,2524,2254,2255, 176,2255, 964, 963,  65,  65,1568,2255,
  966, 194,1914, 531, 932, 969,1288,1368, 989,1726, 411,1101,1968,1168,
  977, 644,1352, 983,2089,1103,1004, 985, 987, 988, 184,1763, 983,2192,
 1553,1301, 219, 459,1347,2005,1714, 618, 999, 998, 997, 226,1406, 997,
 1540,1462,1854, 207,1304,1305,   6, 199,1542, 562,2431,2374,2289,1302,
 1019, 666,1017, 490, 686,1532, 286, 511, 559, 579,1027, 266, 447, 559,
 2355,1062,1502, 447,1135,  81,2282, 209, 200, 992, 714,1737,1563,1296,
 1775,  13, 159, 688, 679,1969, 695,1338, 229, 281,1567,1320,1021, 288,
  708,1903, 704, 327, 310,1658,  86, 415,1076, 127, 299, 298, 301,1076,
 1075,1300, 226, 289, 307, 714, 942, 738,1282,1271,2089,1593,  16, 457,
 1157,1626, 895,1155,1248, 742,1640,1621, 640, 964,1212,1387,1386, 481,
 1764,1552, 192, 196,   2,1174,2324, 355,  10,2457,1715,1104,1425, 262,
 1373,1108,1658, 225,1089,1479, 157, 361, 432,1150,2316,2336,2243,1168,
 2163,1128,1129, 568, 819,2052, 921,1569,1887, 928,1109, 559, 313,1089,
 1713, 394, 806, 805,2131,1951, 402,1430,1710,1496, 228,1704,2243,1620,
  410, 198,1667,2151, 282,1437,2050, 153,2195,1995,1048, 417, 758, 759,
 1681,1191,1230, 341, 235,1247, 147, 130, 312,  51, 266, 695, 696,2139,
 1684, 186,1485, 594, 184,2297, 532,1336, 912,1188, 201,1189,1683,2396,
 2353,  79,1029,1462,2336,1198,1197,2137,1041, 494,1468, 466, 604,1196,
 2336,1127, 695, 696,1238,1212,  94,1707,2252, 900, 864,2352, 896, 942,
 2451,1048, 651,1435, 794,1536,1208,1207,1554, 841,1168, 928, 506, 607,
  912,1077, 395,2026,1746, 927, 889, 559, 403, 298, 402, 289, 310,1249,
 1537,1171,1244, 741, 948, 947, 202, 203, 159, 278, 216,2254,2255, 964,
  963,2255,2255,  65,1568, 966,1914, 531, 657,1368, 218,2113,1101, 419,
 1969, 972,1847, 407, 562, 983, 295, 144, 987, 988,1269,1978,1675,1763,
  330,1295,1294, 239, 297, 644, 330, 177, 963,2367,1304,1305,1542,1868,
  561,2431,2374,1312,2102, 380,1230,1302, 490, 267, 286, 511, 579, 284,
  266,  46, 447, 370,1710,1711, 200, 992, 336,1737, 694,1739,  12, 524,
   78, 282,1304, 696,1943, 711,2499, 281,1341,1346,1345,1021,1903, 704,
  310, 979,2070,1658, 335,1076,1580, 299, 298, 236,1368,1300,1363,1062,
  307, 714, 738,1282,1593,1082,  16,2089,1373,1372, 457,1626,1658,  99,
 1155,1936,1620,1621, 966, 640, 964,1212, 709,1098, 481,2043,1980,   2,
  481, 792, 355,  10,2496, 383,1856,1143,1359,1373,2232,1618,1658, 225,
 2227, 157,1327,1479, 362,1888, 884,2257,1681,2163,1415,2435,1708,1671,
  143, 928,2042,2041, 559, 622,1400, 609,1427, 805,1951, 809,1430,1710,
 1901, 228,2243,2060,1378,2247,2050, 153, 416,1158, 970,1625,2330, 758,
  759,1191,  99, 347, 457,1670, 130, 312,1013,1463,2403,2139, 859,1876,
 1485, 594,1207,1188, 892,1683,2353,1955,2336,   0,   1,1467,1689,2137,
 1573,2272,1225,1196,2173,1414,1478, 963, 964,2570, 900,1574,1575,1048,
 2353,1192, 896,1658,1136,1924,1666,1168, 928, 912,1077,1570,1017,2026,
  349,1238,1238, 516,1582, 402, 736,1631,1506,1507,1244,2218,1766, 900,
  949, 670, 163,1747,1746,  65,1568,2255,1363, 966,   8,1368,2047,2113,
 1101,1400, 419,2345, 972,2239,  99, 314, 716, 399, 987, 988,1763,1553,
 1675, 800,1537,1294, 330, 349, 177, 963,1542,2206,1304,1305,1868, 561,
 2431,2432, 214, 213,1302, 232,1763,  11, 268,2536, 447, 461,1710,1711,
  200,2495, 336,2021,1143,1876, 695,1943, 381, 281,1341, 192,1236,1021,
 1968, 704, 806,1426, 256, 223, 513, 335,1076, 127,1711,1582,1585,1584,
 1363, 227,1300, 120, 991,2114,1613, 738,1282,1593, 609,  16,2089,1799,
 1372, 896,1157,1604,1603, 803,1640,1621, 465,1382,1004,1611,1815,2256,
 2172,  50,2340, 381,2205, 737, 355,2224,1425, 815, 814,1618,1117,1000,
 2227,1479,1503,1391,1402,2243,2060,2435,1414,2056,2061,1708,1246,1235,
 2379,2243, 609,1427, 805,1564,1645,1646, 437,1193,1430,1846,1901,1900,
  786, 679,2243,2060, 828,1067,1889, 316,2148, 758, 759, 415,1191,  99,
  347, 857, 928,1707,1593,1879,2139,1677,1676,1684,1485, 594,1681,1479,
  862,1683,1338,2353,2399,2398,1955,1689,1196,2173,1414, 963,1300,1127,
 1126,2570, 896, 513,2290,1859,1168,1631, 928, 305, 445,1478,2027, 889,
  349,1710,1711, 736,1631,1556,1353,1510,2218,1049,1531,2168,   5,1951,
 1517,2255,1351, 530,1287,1593,2305,2370, 562, 566,  99, 555,1492,2081,
 2215,2303,2214,  17,1763,1082,1537,1536, 800,1517,1516,  48,2367,1536,
 1748,1006,1546,2139, 962,2431,1762, 214, 213,1101,1492, 284,2000,2508,
 2509,  46,1582,1583, 200, 336,1463, 696,1943, 192,1346,1135, 281, 175,
 2041,1968,1598,1263, 806,1426, 335, 476,1711,1582,  43,  44,1300,1079,
  120, 991,1585,1368, 738,1593,1596,1217,1810,1603, 758,1810,1603,1748,
  903,1004,1099,1098,2256, 938,1927,1287, 381,2205, 481,1623,2433,1402,
 1401,1000,1377,2499,1900, 337,2257,2173,1127,1126,1414,1708,1683, 559,
  609,1847,1846,1901,1900, 341, 679,1900,1118,1855, 388,1889, 153, 828,
 1162, 758,2266, 895, 347, 415, 928,1707,1593,1303,1677,1676, 159,1240,
  594,1682,1683,1338,2399,2449,2416, 640, 839,1882,1196,1900, 963, 747,
 1413,1126,2570, 349,2290,1859, 373,1858,1168, 794,1704,1897, 305,1864,
 1652, 814,  88,1710,1711, 847,  79,1713,1714,1504, 182,2236,1557, 101,
 1327, 169,1351,1921,1922,2513, 419,2345, 566, 555, 530,1726,  72,2089,
  481, 303, 800,1529,1498,1784,  48,1682,1934,1748,2367, 284,1292,2431,
  550, 411,1101,2053, 338, 232,1146, 448,1583,2097,1266,1363, 595,1463,
  696,2361,1575,1135,1080,1568,2402,1598, 212, 529, 847, 335,2113,1205,
 1272,1540,1004,1363,2433, 118,  43, 991,1939,2299,1083,  86,1167,1004,
 1985,1984,1988,1987, 938,1927,1287,2541, 481, 755, 242,2378,1824,1619,
 1000,1766,1377,1665,1900,2003,2173,1127,2336,1708,1683,1961,2243,1734,
 1773,2012,2141,1901,1900, 281,1341,1900, 338, 335, 437,1889, 153,1378,
  235, 415, 194, 928,1707,1593,1303,1114, 892,2399,2398,2255,2416,2325,
 1423,1138,2189,1464,2568,1413,1126,2458,1113,1017, 376,2051,2054,2154,
 1077, 815, 814,1917,1156,1636,1635,1710,1711,1635,  20,1353, 413, 105,
 1962, 137, 559, 169, 564, 565, 825,2407,1953,1709, 169,  88,1207,1207,
  800, 951,1529,1784,  48,2297,2081,1004, 411,1101,1941,2228,1004,2091,
 1582,1583,2198,2141,1957,1312,1427,1676,  58,1035,  75, 327,1467, 363,
 1164,1540,1300, 118,1634,2568,2190,2114,1083, 904, 259, 904,  89, 182,
 2119,1987,1927,1287,2411, 755,1537, 327, 400,1503,1000,1900,1829,1393,
 2062,2133,1683, 164,1961, 303,2141,1901,1900, 281, 679,  76, 338, 919,
 1889, 814,  88,  99, 415, 194, 928, 312,1303, 892,2449,2255,1817,2161,
 2160, 867,1126,2259,2168, 305,1698,1398,1636,2005,1775, 105,1962, 554,
  921,1467,1689, 564, 565,1544,1241,1882,1344,1709,1734,  36,2113,1101,
 1004,1300,  63,1583, 416, 589,1957,2285,2562, 836,2359,2289,1900,1960,
 2203,1689,2258,1904,1543,1746,1300,2524,1207, 235, 176,1728,2114,2209,
 1334,1927,1928, 200, 682,2251,1935,1503, 225,2227,1393,2133,1403,  88,
   89, 164,1786, 868, 993,2239, 281, 984, 338,1091, 345,2043, 821, 343,
 1334, 928,2262,1479,2399,2449,2255,   7,1413,2165,1667,2400, 305, 883,
 1775, 753, 105,1962, 921, 554,2379, 565,1341, 268,1498,1069, 542,2113,
 2303,1271,1004,1300,  63,1012,2421,2422, 105, 589,1957,2285,1960,1244,
  105,2293,2294,2203,1689,2399,1887,1543,1724,1517,1543, 176,2192,1728,
 1936, 316,1768, 721,1012,1744,1509,1847,2133,2227,1631,1922,  89,2321,
  281, 338,1109,2256,1157, 343, 194,1091,2168,2167,1479,1270,2399,2449,
  933,1413,2329,2262, 305,1695,2403, 334,1041, 921, 918,2379,1567, 687,
 1069,1304,2353,1687,  97, 550,2359,2360,2358,2356,1574,2289,2203,1689,
   66,1351,   1,2368,1543,1613,2569, 881,1728,1742, 153,1768, 721,1012,
 1509,1744,2315,1713, 339,2243,2385, 375,1774,1109,2043, 342, 343, 194,
 2203,1998, 892,2159,2449,1363,2159,1189,2168, 278,2394,2403,1042,1041,
  921,1680,1908,2168,1069,1304,2426, 327, 764,2426,1196, 550,2465,2466,
 2358,2356,1574,2289,2203,1689,  50,1200, 840, 839,1302, 153,1826,1761,
 1762,1744,1633,1492,2243,2439,2440, 342, 343,2159,2449,2447, 162,2038,
  305,2403, 732,1041, 921,1303,  25,1304,2048, 764, 337, 140,2419,2420,
 2356,1504,1468,  50,1328,1302, 277,1973,2524,1744,2243,2439,2440, 431,
  430, 187, 729, 162,2038,2403, 173,2119, 278,1578,1561, 684, 764, 337,
 2518,2403, 163, 131,1943,1803,1804, 277,2243, 360, 431, 343, 257, 151,
 1621,1209, 115,2521,1694,2107, 478, 732, 764,2003,2453, 163,1628, 131,
 1943, 698,1577,1121,2173,2535,2536,2231,1621,1620,2419,1340,2453,2213,
 1196,2009, 163,1577,1121, 698,2536,1621,1620,1452,2470, 297,2554,2497,
 2516,2128,1479, 553,1677,1676,2127,2516,1409,1479,2252, 350,1628,1479,
 2252,2112,2303]
--LEFT POINTS--
[   2,   3,   5,   6,   7,  10,  11,  13,  17,  18,  20,  21,  22,  23,
   24,  25,  30,  33,  35,  43,  46,  47,  48,  51,  54,  55,  58,  62,
   63,  68,  72,  75,  78,  79,  81,  86,  88,  89,  90,  92,  94,  96,
   99, 105, 106, 108, 112, 118, 119, 125, 126, 127, 128, 129, 132, 137,
  140, 141, 144, 146, 148, 153, 161, 163, 164, 176, 177, 182, 184, 186,
  187, 188, 192, 196, 198, 200, 201, 202, 203, 206, 207, 211, 219, 220,
  223, 224, 225, 226, 227, 229, 235, 236, 237, 241, 242, 246, 247, 260,
  261, 267, 275, 276, 281, 282, 284, 286, 289, 290, 291, 298, 299, 301,
  306, 307, 310, 312, 314, 325, 334, 336, 337, 338, 341, 342, 343, 347,
  349, 351, 355, 357, 360, 361, 362, 363, 394, 395, 396, 399, 402, 403,
  410, 411, 413, 414, 415, 416, 417, 420, 421, 422, 433, 435, 436, 437,
  445, 447, 448, 449, 453, 457, 459, 461, 464, 465, 471, 474, 475, 476,
  478, 481, 490, 494, 513, 516, 517, 524, 529, 531, 542, 553, 559, 561,
  562, 564, 565, 569, 570, 572, 576, 579, 580, 595, 603, 609, 629, 631,
  640, 651, 657, 676, 679, 688, 695, 696, 704, 706, 708, 709, 711, 715,
  716, 737, 738, 739, 741, 742, 755, 758, 764, 786, 792, 803, 805, 806,
  814, 815, 821, 828, 829, 836, 837, 839, 840, 841, 857, 859, 860, 861,
  862, 874, 875, 883, 889, 892, 894, 895, 896, 900, 907, 912, 916, 918,
  921, 926, 928, 929, 932, 938, 940, 942, 947, 948, 951, 963, 964, 966,
  968, 969, 970, 976, 979, 983, 987, 988, 991, 997, 998, 999,1004,1006,
 1017,1019,1020,1021,1035,1037,1048,1057,1062,1067,1075,1076,1079,1082,
 1089,1091,1101,1108,1109,1127,1128,1129,1137,1146,1155,1157,1158,1162,
 1168,1174,1176,1180,1188,1189,1196,1197,1198,1205,1207,1208,1225,1230,
 1232,1238,1241,1244,1248,1249,1263,1271,1272,1288,1294,1295,1303,1305,
 1320,1334,1336,1337,1338,1341,1345,1346,1350,1354,1359,1363,1368,1372,
 1373,1375,1378,1387,1388,1400,1403,1406,1409,1413,1415,1423,1437,1441,
 1463,1478,1479,1504,1506,1509,1510,1516,1517,1529,1530,1531,1538,1542,
 1543,1552,1553,1554,1556,1563,1564,1567,1569,1576,1577,1582,1584,1585,
 1589,1592,1593,1596,1603,1604,1611,1618,1620,1623,1626,1628,1631,1635,
 1636,1640,1645,1646,1652,1658,1665,1670,1675,1676,1677,1681,1682,1683,
 1687,1689,1707,1709,1711,1713,1714,1715,1726,1728,1737,1739,1746,1747,
 1761,1762,1766,1775,1784,1799,1810,1815,1817,1822,1829,1847,1855,1858,
 1864,1868,1888,1897,1900,1914,1921,1922,1924,1934,1943,1951,1953,1955,
 1962,1965,1969,1978,1980,1984,1985,1987,1988,1998,2000,2003,2005,2021,
 2026,2038,2043,2048,2050,2051,2054,2060,2062,2068,2081,2082,2089,2097,
 2102,2105,2113,2114,2126,2133,2137,2139,2141,2148,2150,2151,2154,2159,
 2160,2161,2165,2167,2168,2173,2189,2190,2192,2198,2203,2206,2214,2227,
 2232,2234,2239,2243,2255,2256,2257,2259,2262,2272,2285,2289,2291,2293,
 2294,2303,2316,2321,2324,2325,2343,2345,2353,2356,2358,2359,2360,2367,
 2374,2385,2389,2396,2398,2399,2403,2416,2419,2420,2421,2422,2431,2432,
 2433,2435,2436,2439,2440,2447,2448,2449,2451,2457,2458,2462,2465,2466,
 2483,2495,2496,2521,2535,2536,2570]
--RIGHT POINTS--
[   4,   3, 771, 242,2289, 865,1589,1065,  27,  16,  19, 270,  24,  23,
   32, 136,  17,  21, 556,1830,1345,  48,  47,1199,  54,  20,  60, 108,
 2228,  77, 506,2138,1358, 523,1055,1084,2267,2350,  95, 286, 528,  88,
 1560,2324,  61, 534, 545, 128, 127, 135, 547,  28, 137,  22, 134,2101,
  145, 144,1309, 573, 151, 163, 582,2545, 132, 178, 177, 186, 637, 871,
 2507, 191,1122,1123, 671,1058, 213, 209, 208, 357,1025, 280, 225, 757,
  229, 228,1427, 654, 653,1072,2249, 240, 241, 503,2026, 255, 256, 467,
   18, 254, 287, 278,1365,1359,1803,1042,1095, 301, 300, 312, 311, 313,
  321, 322,1082,  36, 190, 338, 196,1598, 347,2052,1193,2419, 923,1708,
 1921, 379,1416, 755, 371, 369,1432,2141, 404, 408, 407,1563, 950, 949,
  421,1975, 425, 424,2059, 840, 841, 430, 431, 427, 434, 445, 446, 447,
  457, 583,1981, 282,  26,1396, 175,  70,  30,1646, 102, 881, 561,  44,
 2540,1858, 253,1227,1616,1529, 119,1357, 115, 131,  34, 568, 154,1330,
  152, 575, 576, 958, 589, 460, 591,1342, 588,1986, 614, 327, 212, 216,
  647,1248,1296, 252, 271, 284, 711,1813, 299, 718, 723, 722, 715, 143,
 1562, 349, 749, 224,1277,1111,2025, 567,2487, 948,1415,1643, 824, 823,
 2088,1661,2280,1889, 422, 853, 854, 859, 858, 592,1709, 484, 878, 908,
 1722, 896, 897,2295,1266, 883, 911,1893,1244,1241, 554, 880, 133,2376,
 2300, 799,1710, 415, 187,1853, 159,1098,1279,1278,2115, 975, 974, 980,
  918, 985, 157, 631,1373, 202,1310,1311,2009,1018,1017,1016, 210,1793,
 1038,1036, 275, 296,  82, 201, 543, 234,1385,1699,1092,1091, 724,1391,
 1138,2359,1801, 364,2354,1735,1149,1150, 395,  39,1400,2356,1465,1890,
  354,1125,  57, 189,1213,1215,2446,1224,1223, 507,2248,1252, 663,1192,
  618, 946, 414,1276,1110,1273,1823, 752,2002, 986,1318,1317,2064,1027,
  293,2282,1211,  79, 291, 292,1368,1367, 323, 345, 432,1384,1297,1395,
 1394, 113,1460,1117, 378,1448,2266, 230, 433,2290,1438,2072,1181, 429,
 1812,1504,2362,1941,1534, 707,1757,1788,1787,1963, 410, 306, 233,1030,
 2398, 218,1567,1254, 266, 705, 346,1074,1155, 264,  64,1530,1623,1622,
   37, 619,1390,1840,1642,1641,1649,1425, 833,1859,1397, 846,1533,2095,
 2091,1644,1686,1687,1932,1136, 426,1475,1314,1716,1715,1720,1905,1216,
 2383,1729,1711,2221,1620,1939,1940,1130,1957,2402,1353,1355,1544,1543,
 2463,2464,2031,1064, 215,1637,1845,1650,2196, 141,2168,1877,1885,1925,
  572,1580,1433,1929,2048, 982,1949,1950,1517,1968,1362,1167,2108,1728,
   75, 708,1302,1313,1412,2017,2016,2019,2018,2423,1804,2035,2207,1599,
 1263,2477, 339,2486, 842,2083,2084,1672,2170, 147,1777, 967,1959,1983,
 1334, 791,2309,2149, 487,2171,1225,1203,2046, 942, 104, 839,2085,2428,
 2198,2197,2291,2361,2202,1869,  29,2148,2336,2130,2240,1577,1780,2263,
 1424,  90,2273, 832,2288,2355,1435,2201,2369,1499,2233,2391, 110,2325,
 2326,2310,1144,2351,1126,2071, 941,1557,1725,2389,2388,2236,2387,1325,
  675,2414, 352,1217,2068,2067,2372,1910,2490,2491,2316,2317,1582,1583,
 1860,1439, 386,2469,2470,2475, 164,2287,1246, 779,2079, 149,2448,2449,
  370, 884,1418,2537,2553,1591,1507]